10 100
2 10 4
2 3 6
2 10 3
2 5 9
2 7 10
2 10 6
2 1 7
2 7 6
1 6 4
2 7 8
2 4 10
2 5 3
1 3 10
2 1 2
2 4 5
2 3 4
2 9 10
2 9 8
1 6 3
1 9 2
1 9 6
2 10 1
2 5 8
2 4 6
2 1 4
2 7 4
2 9 7
2 8 7
1 7 9
2 10 9
2 2 4
2 1 9
2 10 2
2 4 5
2 4 7
2 6 5
1 8 7
2 3 10
2 9 4
2 10 4
2 4 2
2 7 3
2 2 9
2 7 6
2 7 10
2 8 5
1 8 5
2 5 2
2 2 3
1 8 1
2 10 5
2 3 9
2 5 2
2 2 8
2 10 8
2 8 10
2 5 10
2 4 1
2 7 6
2 1 8
2 1 8
2 7 3
2 1 10
2 7 3
2 8 4
2 10 1
2 10 5
2 3 6
2 6 7
2 2 7
2 4 5
2 5 1
2 4 10
2 9 5
2 3 9
2 4 6
2 4 6
2 9 2
2 5 1
2 6 2
2 4 6
2 6 7
2 1 10
2 5 3
2 8 6
2 4 5
2 9 1
2 1 8
2 7 4
2 9 6
2 10 2
2 4 6
2 7 10
2 4 3
2 10 5
2 4 3
2 1 8
2 1 7
2 3 9
2 5 2
